1 25544U 98067A   16359.93342669  .00002365  00000-0  43265-4 0  9996
2 25544  51.6427 186.9640 0006557  11.6891 148.6302 15.53934622 34652
1 25544U 98067A   16359.81005787  .00002173  00000-0  40349-4 0  9997
2 25544  51.6427 187.5786 0006554  11.2679 178.4470 15.53933159 34636
1 25544U 98067A   16359.59059303  .00002116  00000-0  39499-4 0  9996
2 25544  51.6431 188.6717 0006490  10.6256  30.5571 15.53932013 34605
1 25544U 98067A   16359.59059303  .00002116  00000-0  39499-4 0  9996
2 25544  51.6431 188.6717 0006490  10.6256  30.5571 15.53932013 34605
1 25544U 98067A   16359.47200602  .00002172  00000-0  40344-4 0  9996
2 25544  51.6430 189.2621 0006579   9.8772  87.4711 15.53931548 34582
